Pid	Bst	Arr	Pri	Dline	I/O
1	1	1179	72	1187	1
2	78	543	2	621	0
3	3	2158	71	2170	0
4	30	6270	25	6309	0
5	3	7367	50	7373	4
6	20	7807	27	7831	0
7	42	3589	22	3638	0
8	-8	5923	82	5919	5
9	13	-1	14	16	3
10	17	8063	7	-5	0
11	82	6245	33	6334	4
12	43	9888	69	9932	0
13	51	2854	8	2914	0
14	71	3453	86	3527	0
15	11	6429	54	6442	0
16	85	1435	87	1523	3
17	100	9312	33	9417	4
18	49	9934	61	9987	0
19	46	7043	64	7094	0
20	36	1068	15	1105	4
21	43	5834	18	5885	0
22	55	3697	44	3760	1
23	73	9017	29	9094	0
24	80	4333	47	4420	0
25	75	7327	10	7409	5
26	55	1516	6	1574	4
27	69	6718	26	6787	2
28	77	4628	87	4713	0
29	77	6293	20	6370	0
30	26	9565	79	9598	0
31	45	2893	10	2939	5
32	19	6406	12	6425	0
33	8	3131	3	3140	0
34	13	8505	32	8527	0
35	17	7781	14	7805	0
36	78	9881	8	9962	2
37	95	2154	27	2257	0
38	85	9184	22	9278	0
39	93	8672	53	8767	0
40	48	4858	7	4915	0
41	28	4282	79	4319	2
42	93	3846	39	3940	0
43	61	6405	23	6468	0
44	87	98	78	191	4
45	6	21	23	28	0
46	93	6709	1	6805	1
47	81	1823	65	1904	0
48	44	9630	43	9682	0
49	83	1203	55	1291	5